7202037
5414234
5811262
1321343
3171753
6440483
7002725
2640641
5526638
7546521
7023148
1952544
184672
13561
1436962
217913
5034840
4680482
4886026
3368898
6357916
3406017
1072202
1782497
2709960
4547797
6232023
1460969
1060882
4465372
5025717
2332494
2264184
3414617
3012697
773285
2655284
8357115
7568979
6993237
2558786
5522284
1469172
4712223
1488334
7993106
4971445
4550846
7146034
3704509
1445902
7867995
7773839
2344569
3880475
6117959
5376911
7664933
684863
1334153
367584
3983115
3123440
8144645
1757612
3906305
4036532
3327024
7233926
4510018
412708
7401882
390801
8317301
1122466
7705988
2823368
6382957
4854870
8202265
5476331
900329
7178411
2605557
3066304
4162781
2870695
4897506
3361946
6967324
3250091
6052774
330736
5434589
3974380
7318956
7534445
5384075
2238798
4572896
238843
4495960
7418397
1125676
2942176
6704972
6296146
5438477
2219798
4018751
6477751
4212392
6216292
5509250
521178
1736559
2386525
4398855
2758114
176443
4311746
6723156
1542178
6992156
1158312
6195843
5744018
3611413
5454801
8147522
8165422
7024839
5214513
4546371
7416819
8150981
7580054
190218
939531
3348626
1189615
3819580
6065738
117472
3038216
1843575
5850401
4824541
1788564
4023071
3574964
5219130
6647343
2417826
1998958
113591
4920820
938460
2128762
692588
5328210
2838525
1086439
6185030
169972
4606866
748997
5483867
1724625
3140217
4905113
5397922
88898
951234
7099549
2566209
4444106
8319183
7590371
5803666
7870210
3057844
4581174
5161082
4106832
2062836
8372103
7814056
7181013
4384811
1607998
5921085
1632593
8242863
8331705
8325662
7435156
5964742
5563810
3153220
5342201
3113364
6567504
2739194
969222
7440674
6429439
5927780
5106442
135416
2631232
6771354
6305243
7330706
3706450
515695
1860370
2901118
4510137
2426594
6744646
2011970
707129
6449296
4124393
3608561
7852557
8355008
5724127
4857478
1715812
6020716
6795586
2526539
416685
7126711
6087530
5669543
1813665
6456774
3980382
7532521
6604596
5395128
3462314
7727584
5083499
395581
4753121
1006194
8060006
5284173
907220
5557825
3222748
7873791
4529626
2822111
2036729
5788340
1947716
2926228
7105083
3308549
7100734
5699839
7680219
5930941
7892858
6218572
1873631
7672180
5040347
4960367
2910635
5079001
311251
5106825
6559957
1736455
647788
7361869
7360498
1098403
5926422
7435427
2132604
6546204
5469955
2784564
131869
1739094
3053760
3049134
800707
2160115
7560908
5563375
4228354
6055352
1720213
4480872
5491111
6031920
2163296
2294988
1047951
5236221
295419
7449655
6379935
4380926
3423636
3602122
281334
5594564
8326474
4302663
5068194
3222783
73494
2097933
2648401
1733331
6855492
2730111
7680941
1289495
4777333
5280746
2026605
3402952
8283665
6220861
6803355
7271133
706537
4901488
3179016
2686579
5849219
1739625
3594330
3552048
5943391
7432293
8178803
5412841
7559617
632512
2276114
2607681
5214733
8234063
3034274
2706336
2361586
4684209
415210
7510153
8161777
4483252
3548862
2732139
8219180
4557216
5141130
4321564
3968425
7889410
6990130
664979
2691958
3988050
2194020
6975718
1715607
2567862
7073318
6295455
2208590
186671
43651
3845016
5739078
4478135
1434639
3130503
1024023
5726914
1356698
1790363
702396
2412565
5837706
1179669
4421046
6627569
5627816
5150325
7865278
4054689
6499275
5259005
5727849
300723
4322249
7091693
4743680
1712232
4574341
7758772
779289
2909357
370897
940314
8108803
3342732
2798887
5979935
868602
2424829
2252024
369533
3187626
4795932
7484022
5182065
4452026
7215456
4454623
531127
1183085
3117572
1803473
2938162
6342134
6603772
8316745
169796
1643975
6617844
1556399
2727452
4940208
8025013
4361679
7096135
3914129
1308106
7190369
2255758
4409504
5582573
8122364
4768730
3295213
1065142
561452
7544658
871425
7931627
3486439
2156177
91785
7515822
2770996
6978077
7815256
2195209
1790266
7455867
1740205
4947217
3706
3575349
3293142
8201345
6789138
3198832
185307
2281970
358693
5535664
8244863
8386677
1110488
7708551
3968552
1636670
1276327
1570504
4912774
8321058
5542827
2802380
5958849
7181354
1738026
1875388
3658414
6860690
6204847
6087902
3527755
308260
5168342
289835
5876943
6324241
7871720
3276171
8172309
5327177
2263498
288723
3964710
4170348
4232027
684048
4416093
7269563
7866823
4855942
1064443
5589985
6858456
2220122
1077646
1008137
7161903
1977498
153328
1682879
6157610
707815
1205096
3958026
888466
733772
1267152
6750422
6817403
97506
3009378
3705593
2886817
7423256
7298013
7878600
1462698
4947337
2010829
6706473
6362619
6958431
4775722
3368654
2265739
4396940
4131211
764347
3425716
5008810
3396898
7193181
7568159
1588944
4455358
4497699
3094752
4134181
352049
2931248
7585613
1347219
1856948
4111694
8277519
3593456
5637254
4400562
6282823
8012939
2760159
1003815
1643847
4451579
8092319
3119945
8129951
6449921
6229721
4712457
5422419
769499
6126740
1965941
7239714
1115133
1903395
4600036
3399406
7397895
483000
6011117
4843690
4851219
5563315
3218949
2754496
6486379
6613438
3005774
1858673
7943262
6111621
7907821
6047609
5794643
7225506
5606534
8187682
3653159
2423753
937489
2577912
8195357
6824263
6352848
2128467
4134554
6618500
4192395
5676351
7189397
2696176
7763891
2922006
3244158
7001583
224920
5358351
6111221
1177406
8330239
466114
7419080
4213098
1309480
5113818
6657362
3031782
2771518
7365087
2723921
4310876
497027
6877812
368820
7965104
4105520
5185755
7739227
7829678
1316591
7190837
1736108
3203317
68805
7178747
8254547
3380399
6715794
3642038
67143
4404050
6186828
5227270
851366
6333107
5877134
1141700
3814538
5208101
5828048
6629691
7740464
3449452
1276862
2162809
2494582
184525
5918607
1915216
1948203
2720922
4245750
4826806
6298311
8258989
2535813
5286970
5976051
2693695
8003249
7671767
6492522
820853
5219925
3224798
397641
5829316
2769300
3642381
5828070
6999248
2927160
5985820
7497791
1716362
6867226
7014065
293972
8286099
5188817
482793
2524058
665497
2996640
7718290
8260101
4447127
381606
4763148
1753358
7911264
5180526
3752862
413494
3840746
1086254
3064180
2012973
793439
5843641
254429
6389687
515620
600239
5113147
3767291
8041658
7295317
4506554
922182
5364015
641328
7841078
8365308
2668828
1120012
16501
519404
5471171
6449321
4548310
6456477
7379150
4193435
6378875
3343051
8150604
1234821
226404
5144029
2706056
6048896
2255949
7616687
3506297
367889
722020
5076239
4212643
2042433
1003924
3461169
5269582
7345093
2233284
4186456
6527404
8259944
1811908
2098936
2732874
3786377
1668944
6834927
1036209
825624
1505073
4121670
8182167
3239736
8191960
55967
1122070
1054026
6680177
621241
5777477
3930267
4102966
4192359
5064668
2679915
2907679
5723117
4663892
2885637
4361778
371158
5319653
1634124
432028
4955178
7981219
6510142
3357010
7880265
4284927
584002
652622
4708222
1351931
5564630
155315
1530324
696088
5440398
944785
7771579
6309763
7799890
3977817
6357005
4887812
8221558
2574853
7129624
4716380
4257395
7613953
7886885
6483283
4924007
4177943
6049971
3561620
7441696
6830815
7417979
2494276
3436493
1585519
5602776
3740667
5164900
1169326
6749705
3148826
6994048
7802362
3587918
4827226
4969693
269559
639380
258725
3104147
2652263
7918098
2606668
4968296
1955479
7563744
2880754
6181247
3702617
3191970
2300124
3480654
5591241
2804850
5539997
5583086
8346687
91465
2139420
3672380
6717651
1300634
7441393
1742562
2609676
5184620
5439907
1088903
5654635
2911113
4727422
5285267
2525922
6827133
4250266
5225216
8266394
1160558
1999421
7897202
3721976
1406451
7517105
7555586
8375059
7163768
8158896
6380343
2857321
6614285
465794
2040380
49252
5694780
6545266
6477347
5806245
890183
4431936
5100909
7793107
7420124
4989415
4580648
4699426
4513422
7301870
5595189
2047396
527899
5647391
6992163
1290668
7707310
8263364
580324
5947637
3296555
6839572
3596157
697702
7405864
204195
965351
1088427
6040222
7471373
2304997
1501322
8177826
5780122
6442070
116669
6321315
623560
2811052
718608
6442476
6940639
7740981
3750785
7452991
3733674
5073339
5803597
6713678
1634499
6734062
289616
2197129
510723
2181652
424930
3108467
8159224
3515592
5595521
7625942
