3706
13561
16501
43651
49252
55967
67143
68805
73494
88898
91465
91785
97506
113591
116669
117472
131869
135416
153328
155315
169796
169972
176443
184525
184672
185307
186671
190218
204195
217913
224920
226404
238843
254429
258725
269559
281334
288723
289616
289835
293972
295419
300723
308260
311251
330736
352049
358693
367584
367889
368820
369533
370897
371158
381606
390801
395581
397641
412708
413494
415210
416685
424930
432028
465794
466114
482793
483000
497027
510723
515620
515695
519404
521178
527899
531127
561452
580324
584002
600239
621241
623560
632512
639380
641328
647788
652622
664979
665497
684048
684863
692588
696088
697702
702396
706537
707129
707815
718608
722020
733772
748997
764347
769499
773285
779289
793439
800707
820853
825624
851366
868602
871425
888466
890183
900329
907220
922182
937489
938460
939531
940314
944785
951234
965351
969222
1003815
1003924
1006194
1008137
1024023
1036209
1047951
1054026
1060882
1064443
1065142
1072202
1077646
1086254
1086439
1088427
1088903
1098403
1110488
1115133
1120012
1122070
1122466
1125676
1141700
1158312
1160558
1169326
1177406
1179669
1183085
1189615
1205096
1234821
1267152
1276327
1276862
1289495
1290668
1300634
1308106
1309480
1316591
1321343
1334153
1347219
1351931
1356698
1406451
1434639
1436962
1445902
1460969
1462698
1469172
1488334
1501322
1505073
1530324
1542178
1556399
1570504
1585519
1588944
1607998
1632593
1634124
1634499
1636670
1643847
1643975
1668944
1682879
1712232
1715607
1715812
1716362
1720213
1724625
1733331
1736108
1736455
1736559
1738026
1739094
1739625
1740205
1742562
1753358
1757612
1782497
1788564
1790266
1790363
1803473
1811908
1813665
1843575
1856948
1858673
1860370
1873631
1875388
1903395
1915216
1947716
1948203
1952544
1955479
1965941
1977498
1998958
1999421
2010829
2011970
2012973
2026605
2036729
2040380
2042433
2047396
2062836
2097933
2098936
2128467
2128762
2132604
2139420
2156177
2160115
2162809
2163296
2181652
2194020
2195209
2197129
2208590
2219798
2220122
2233284
2238798
2252024
2255758
2255949
2263498
2264184
2265739
2276114
2281970
2294988
2300124
2304997
2332494
2344569
2361586
2386525
2412565
2417826
2423753
2424829
2426594
2494276
2494582
2524058
2525922
2526539
2535813
2558786
2566209
2567862
2574853
2577912
2605557
2606668
2607681
2609676
2631232
2640641
2648401
2652263
2655284
2668828
2679915
2686579
2691958
2693695
2696176
2706056
2706336
2709960
2720922
2723921
2727452
2730111
2732139
2732874
2739194
2754496
2758114
2760159
2769300
2770996
2771518
2784564
2798887
2802380
2804850
2811052
2822111
2823368
2838525
2857321
2870695
2880754
2885637
2886817
2901118
2907679
2909357
2910635
2911113
2922006
2926228
2927160
2931248
2938162
2942176
2996640
3005774
3009378
3012697
3031782
3034274
3038216
3049134
3053760
3057844
3064180
3066304
3094752
3104147
3108467
3113364
3117572
3119945
3123440
3130503
3140217
3148826
3153220
3171753
3179016
3187626
3191970
3198832
3203317
3218949
3222748
3222783
3224798
3239736
3244158
3250091
3276171
3293142
3295213
3296555
3308549
3327024
3342732
3343051
3348626
3357010
3361946
3368654
3368898
3380399
3396898
3399406
3402952
3406017
3414617
3423636
3425716
3436493
3449452
3461169
3462314
3480654
3486439
3506297
3515592
3527755
3548862
3552048
3561620
3574964
3575349
3587918
3593456
3594330
3596157
3602122
3608561
3611413
3642038
3642381
3653159
3658414
3672380
3702617
3704509
3705593
3706450
3721976
3733674
3740667
3750785
3752862
3767291
3786377
3814538
3819580
3840746
3845016
3880475
3906305
3914129
3930267
3958026
3964710
3968425
3968552
3974380
3977817
3980382
3983115
3988050
4018751
4023071
4036532
4054689
4102966
4105520
4106832
4111694
4121670
4124393
4131211
4134181
4134554
4162781
4170348
4177943
4186456
4192359
4192395
4193435
4212392
4212643
4213098
4228354
4232027
4245750
4250266
4257395
4284927
4302663
4310876
4311746
4321564
4322249
4361679
4361778
4380926
4384811
4396940
4398855
4400562
4404050
4409504
4416093
4421046
4431936
4444106
4447127
4451579
4452026
4454623
4455358
4465372
4478135
4480872
4483252
4495960
4497699
4506554
4510018
4510137
4513422
4529626
4546371
4547797
4548310
4550846
4557216
4572896
4574341
4580648
4581174
4600036
4606866
4663892
4680482
4684209
4699426
4708222
4712223
4712457
4716380
4727422
4743680
4753121
4763148
4768730
4775722
4777333
4795932
4824541
4826806
4827226
4843690
4851219
4854870
4855942
4857478
4886026
4887812
4897506
4901488
4905113
4912774
4920820
4924007
4940208
4947217
4947337
4955178
4960367
4968296
4969693
4971445
4989415
5008810
5025717
5034840
5040347
5064668
5068194
5073339
5076239
5079001
5083499
5100909
5106442
5106825
5113147
5113818
5141130
5144029
5150325
5161082
5164900
5168342
5180526
5182065
5184620
5185755
5188817
5208101
5214513
5214733
5219130
5219925
5225216
5227270
5236221
5259005
5269582
5280746
5284173
5285267
5286970
5319653
5327177
5328210
5342201
5358351
5364015
5376911
5384075
5395128
5397922
5412841
5414234
5422419
5434589
5438477
5439907
5440398
5454801
5469955
5471171
5476331
5483867
5491111
5509250
5522284
5526638
5535664
5539997
5542827
5557825
5563315
5563375
5563810
5564630
5582573
5583086
5589985
5591241
5594564
5595189
5595521
5602776
5606534
5627816
5637254
5647391
5654635
5669543
5676351
5694780
5699839
5723117
5724127
5726914
5727849
5739078
5744018
5777477
5780122
5788340
5794643
5803597
5803666
5806245
5811262
5828048
5828070
5829316
5837706
5843641
5849219
5850401
5876943
5877134
5918607
5921085
5926422
5927780
5930941
5943391
5947637
5958849
5964742
5976051
5979935
5985820
6011117
6020716
6031920
6040222
6047609
6048896
6049971
6052774
6055352
6065738
6087530
6087902
6111221
6111621
6117959
6126740
6157610
6181247
6185030
6186828
6195843
6204847
6216292
6218572
6220861
6229721
6232023
6282823
6295455
6296146
6298311
6305243
6309763
6321315
6324241
6333107
6342134
6352848
6357005
6357916
6362619
6378875
6379935
6380343
6382957
6389687
6429439
6440483
6442070
6442476
6449296
6449321
6449921
6456477
6456774
6477347
6477751
6483283
6486379
6492522
6499275
6510142
6527404
6545266
6546204
6559957
6567504
6603772
6604596
6613438
6614285
6617844
6618500
6627569
6629691
6647343
6657362
6680177
6704972
6706473
6713678
6715794
6717651
6723156
6734062
6744646
6749705
6750422
6771354
6789138
6795586
6803355
6817403
6824263
6827133
6830815
6834927
6839572
6855492
6858456
6860690
6867226
6877812
6940639
6958431
6967324
6975718
6978077
6990130
6992156
6992163
6993237
6994048
6999248
7001583
7002725
7014065
7023148
7024839
7073318
7091693
7096135
7099549
7100734
7105083
7126711
7129624
7146034
7161903
7163768
7178411
7178747
7181013
7181354
7189397
7190369
7190837
7193181
7202037
7215456
7225506
7233926
7239714
7269563
7271133
7295317
7298013
7301870
7318956
7330706
7345093
7360498
7361869
7365087
7379150
7397895
7401882
7405864
7416819
7417979
7418397
7419080
7420124
7423256
7432293
7435156
7435427
7440674
7441393
7441696
7449655
7452991
7455867
7471373
7484022
7497791
7510153
7515822
7517105
7532521
7534445
7544658
7546521
7555586
7559617
7560908
7563744
7568159
7568979
7580054
7585613
7590371
7613953
7616687
7625942
7664933
7671767
7672180
7680219
7680941
7705988
7707310
7708551
7718290
7727584
7739227
7740464
7740981
7758772
7763891
7771579
7773839
7793107
7799890
7802362
7814056
7815256
7829678
7841078
7852557
7865278
7866823
7867995
7870210
7871720
7873791
7878600
7880265
7886885
7889410
7892858
7897202
7907821
7911264
7918098
7931627
7943262
7965104
7981219
7993106
8003249
8012939
8025013
8041658
8060006
8092319
8108803
8122364
8129951
8144645
8147522
8150604
8150981
8158896
8159224
8161777
8165422
8172309
8177826
8178803
8182167
8187682
8191960
8195357
8201345
8202265
8219180
8221558
8234063
8242863
8244863
8254547
8258989
8259944
8260101
8263364
8266394
8277519
8283665
8286099
8316745
8317301
8319183
8321058
8325662
8326474
8330239
8331705
8346687
8355008
8357115
8365308
8372103
8375059
8386677
